28	9	3	4	0
0	240	114	300.000000	17.434555	17.201485	3.949801	100784.007812
1	55	125	68.750000	27.801047	9.626877	3.461964	100392.773438
2	74	131	92.500000	33.455497	4.037179	4.980983	101154.289062
3	71	133	88.750000	35.340314	8.638126	4.807945	100990.187500
28	9	3	11	3
0	172	13	215.000000	-77.748691	25.513027	4.606340	97212.406250
1	181	13	226.250000	-77.748691	25.513027	3.827588	97661.882812
2	285	112	356.250000	15.549738	19.026157	4.460531	100595.312500
3	240	115	300.000000	18.376963	16.703882	3.947726	100819.210938
4	99	122	123.750000	24.973822	15.787929	3.514766	100172.414062
5	210	122	262.500000	24.973822	11.152873	4.379621	100980.445312
6	55	125	68.750000	27.801047	8.750321	3.461964	100570.421875
7	52	126	65.000000	28.743455	8.663432	4.301325	100835.257812
8	24	133	30.000000	35.340314	8.779007	3.464525	100552.164062
9	72	133	90.000000	35.340314	5.029344	4.124859	101010.484375
10	76	135	95.000000	37.225131	7.717958	4.760940	100528.164062
28	9	3	7	6
0	245	85	306.250000	-9.895288	17.382208	1.549194	100907.593750
1	225	87	281.250000	-8.010471	16.003269	3.969165	100931.734375
2	242	87	302.500000	-8.010471	17.444273	4.869734	100903.500000
3	55	125	68.750000	27.801047	8.070673	3.461964	100597.039062
4	52	126	65.000000	28.743455	7.137690	3.558616	100837.632812
5	24	133	30.000000	35.340314	7.948686	4.208632	100541.570312
6	76	135	95.000000	37.225131	7.145884	4.238966	100206.351562
28	9	3	6	9
0	242	87	302.500000	-8.010471	19.033676	2.253230	101006.710938
1	252	90	315.000000	-5.183246	13.113194	4.872169	100958.414062
2	55	125	68.750000	27.801047	7.963894	4.502851	100437.101562
3	52	126	65.000000	28.743455	6.383973	4.368828	100612.421875
4	75	132	93.750000	34.397906	9.853375	3.003366	100185.328125
5	24	133	30.000000	35.340314	7.756866	3.183464	100559.265625
28	9	3	10	12
0	166	6	207.500000	-84.345550	24.149511	3.613791	97667.656250
1	169	6	211.250000	-84.345550	24.149511	3.353494	97692.468750
2	177	6	221.250000	-84.345550	24.149511	2.890749	97854.359375
3	228	79	285.000000	-15.549738	12.825502	4.484279	101059.070312
4	252	90	315.000000	-5.183246	11.888639	1.884817	101082.156250
5	55	125	68.750000	27.801047	7.454042	4.502851	100366.156250
6	52	126	65.000000	28.743455	6.833073	1.095972	100464.304688
7	78	131	97.500000	33.455497	6.801794	4.980983	100102.445312
8	75	132	93.750000	34.397906	7.516910	3.592593	100227.429688
9	24	134	30.000000	36.282723	8.727963	3.183464	100509.882812
28	9	3	9	15
0	137	55	171.250000	-38.167539	24.921053	2.827225	98985.460938
1	229	79	286.250000	-15.549738	13.007214	4.866566	101028.242188
2	227	81	283.750000	-13.664921	14.404007	4.494124	101164.218750
3	56	83	70.000000	-11.780105	13.443776	4.484279	101028.953125
4	283	112	353.750000	15.549738	21.857676	4.859742	100426.687500
5	238	115	297.500000	18.376963	16.391325	3.947726	100789.609375
6	55	125	68.750000	27.801047	7.177248	4.390127	100497.187500
7	78	131	97.500000	33.455497	6.735961	4.980983	100420.085938
8	24	134	30.000000	36.282723	10.033092	4.811971	100367.437500
28	9	3	5	18
0	137	56	171.250000	-37.225131	22.940722	3.003366	99132.656250
1	237	115	296.250000	18.376963	15.424084	4.439332	100689.984375
2	55	125	68.750000	27.801047	7.645841	4.841891	100589.351562
3	67	131	83.750000	33.455497	5.286457	4.712042	100724.429688
4	78	131	97.500000	33.455497	5.951448	4.177753	100597.945312
28	9	3	10	21
0	138	56	172.500000	-37.225131	22.538851	3.904984	99358.281250
1	231	79	288.750000	-15.549738	6.821625	1.204246	100744.882812
2	283	112	353.750000	15.549738	21.726368	4.859742	100724.351562
3	237	116	296.250000	19.319372	14.806680	3.668545	100616.296875
4	55	125	68.750000	27.801047	7.771502	4.422557	100521.656250
5	67	131	83.750000	33.455497	4.421909	4.819688	100862.132812
6	78	131	97.500000	33.455497	8.490983	4.177753	100802.734375
7	80	131	100.000000	33.455497	9.988529	4.617712	100774.851562
8	24	133	30.000000	35.340314	12.359988	4.814568	100287.421875
9	79	134	98.750000	36.282723	8.490983	4.030086	100537.500000
28	9	4	10	0
0	231	79	288.750000	-15.549738	6.288188	4.484279	101055.656250
1	254	109	317.500000	12.722513	13.843862	4.864061	100901.562500
2	283	112	353.750000	15.549738	20.989079	2.827225	100754.984375
3	237	116	296.250000	19.319372	14.637971	3.668545	100672.242188
4	55	125	68.750000	27.801047	7.002491	4.422557	100539.671875
5	67	131	83.750000	33.455497	4.453729	4.535036	101098.976562
6	69	131	86.250000	33.455497	4.453729	2.794044	101232.937500
7	78	131	97.500000	33.455497	8.590286	3.622674	101153.437500
8	24	133	30.000000	35.340314	14.437108	4.807945	100179.117188
9	79	134	98.750000	36.282723	8.590286	4.162265	100804.078125
28	9	4	6	3
0	253	109	316.250000	12.722513	14.496783	4.864061	100837.179688
1	281	113	351.250000	16.492147	20.730408	3.951791	100666.398438
2	236	116	295.000000	19.319372	14.351214	3.668545	100702.421875
3	55	125	68.750000	27.801047	5.915809	4.422557	100693.226562
4	67	131	83.750000	33.455497	5.233420	4.253943	101174.773438
5	81	132	101.250000	34.397906	8.743497	4.274035	100493.070312
28	9	4	4	6
0	149	15	186.250000	-75.863874	26.756544	3.373407	96519.421875
1	142	93	177.500000	-2.356021	5.930856	4.995771	100736.242188
2	253	109	316.250000	12.722513	14.511417	4.712042	100720.117188
3	281	113	351.250000	16.492147	19.704571	4.858157	100666.015625
28	9	4	4	9
0	148	14	185.000000	-76.806283	26.702110	3.162868	96538.468750
1	141	94	176.250000	-1.413613	5.240385	4.696046	100908.406250
2	252	110	315.000000	13.664921	14.460732	3.769634	100793.648438
3	281	113	351.250000	16.492147	20.366253	4.858157	100800.203125
28	9	4	4	12
0	141	94	176.250000	-1.413613	5.334185	4.696046	100950.296875
1	251	110	313.750000	13.664921	14.671049	3.769634	100918.390625
2	67	131	83.750000	33.455497	7.466703	2.827225	100136.984375
3	86	131	107.500000	33.455497	11.741581	3.622674	100562.640625
28	9	4	9	15
0	116	92	145.000000	-3.298429	12.661320	4.685924	100939.679688
1	143	93	178.750000	-2.356021	6.614119	4.695641	100836.078125
2	251	110	313.750000	13.664921	14.394237	3.957234	100914.304688
3	281	114	351.250000	17.434555	16.458761	4.856503	100752.718750
4	84	128	105.000000	30.628272	14.552422	1.433956	100030.109375
5	76	129	95.000000	31.570681	7.447438	4.307761	100627.859375
6	79	129	98.750000	31.570681	9.404493	4.696506	100570.796875
7	67	131	83.750000	33.455497	7.279778	4.712042	100340.875000
8	86	131	107.500000	33.455497	14.552422	3.917073	100764.734375
28	9	4	6	18
0	142	91	177.500000	-4.240838	4.968056	4.986301	100884.109375
1	250	109	312.500000	12.722513	14.495737	3.769634	100811.000000
2	281	115	351.250000	18.376963	17.437605	3.062055	100807.242188
3	68	130	85.000000	32.513089	7.865003	4.834270	100493.843750
4	75	130	93.750000	32.513089	6.350799	3.011385	100865.101562
5	86	131	107.500000	33.455497	15.566902	3.019171	100804.203125
28	9	4	7	21
0	231	79	288.750000	-15.549738	6.997704	2.408482	100823.460938
1	249	109	311.250000	12.722513	15.035723	2.827225	100801.718750
2	79	129	98.750000	31.570681	6.675683	4.696506	101058.695312
3	209	129	261.250000	31.570681	10.122489	4.824693	101001.054688
4	67	130	83.750000	32.513089	9.768291	4.834270	100618.679688
5	75	130	93.750000	32.513089	5.189557	3.506278	101040.132812
6	81	130	101.250000	32.513089	15.165510	4.657603	101212.187500
28	9	5	6	0
0	231	79	288.750000	-15.549738	5.678231	4.897154	101112.812500
1	248	109	310.000000	12.722513	15.764846	3.958866	100911.593750
2	234	117	292.500000	20.261780	14.178135	3.659079	100642.937500
3	79	129	98.750000	31.570681	5.909527	2.159490	101485.898438
4	67	130	83.750000	32.513089	9.474222	4.834270	100860.929688
5	75	130	93.750000	32.513089	5.731534	4.298185	101452.523438
28	9	5	7	3
0	282	107	352.500000	10.837696	13.048703	4.992552	101150.132812
1	248	109	310.000000	12.722513	15.884794	3.769634	100909.046875
2	233	117	291.250000	20.261780	14.289588	3.659079	100706.921875
3	20	119	25.000000	22.146597	11.935014	3.609884	100530.445312
4	80	129	100.000000	31.570681	5.965652	1.884817	101124.976562
5	67	130	83.750000	32.513089	8.552648	4.834270	100946.328125
6	72	130	90.000000	32.513089	5.513500	4.339850	101196.648438
28	9	5	5	6
0	248	110	310.000000	13.664921	15.750287	2.827225	100790.289062
1	277	115	346.250000	18.376963	16.434803	3.947726	100676.750000
2	233	117	291.250000	20.261780	15.007154	3.659079	100594.875000
3	80	129	100.000000	31.570681	5.700422	1.884817	100603.742188
4	139	178	173.750000	77.748691	16.721724	4.261670	99171.617188
28	9	5	6	9
0	37	25	46.250000	-66.439791	25.348577	3.194100	97937.585938
1	247	111	308.750000	14.607330	16.603756	1.884817	100814.898438
2	81	129	101.250000	31.570681	7.635181	2.129941	100236.632812
3	66	130	82.500000	32.513089	10.212970	3.919976	100162.921875
4	216	152	270.000000	53.246073	19.188492	4.968133	100092.132812
5	139	178	173.750000	77.748691	16.584257	3.971289	99221.703125
28	9	5	9	12
0	247	111	308.750000	14.607330	17.100780	2.236645	100938.656250
1	198	117	247.500000	20.261780	18.621561	2.520826	100486.453125
2	23	118	28.750000	21.204188	15.675513	4.712042	100549.140625
3	232	118	290.000000	21.204188	17.333559	2.985547	100603.359375
4	79	128	98.750000	30.628272	8.208198	4.424347	100489.812500
5	66	130	82.500000	32.513089	8.220654	3.919976	100065.765625
6	68	130	85.000000	32.513089	8.220654	3.919976	100228.984375
7	95	152	118.750000	53.246073	16.231215	1.208245	100757.507812
8	94	155	117.500000	56.073298	18.751060	4.911352	101294.546875
28	9	5	9	15
0	31	24	38.750000	-67.382199	19.607616	2.967701	98217.593750
1	246	111	307.500000	14.607330	17.687752	2.827225	100891.718750
2	22	117	27.500000	20.261780	14.284846	3.064676	100490.773438
3	198	117	247.500000	20.261780	19.355778	2.520826	100587.101562
4	232	118	290.000000	21.204188	18.236584	2.507035	100654.898438
5	66	130	82.500000	32.513089	8.720059	3.919976	100401.750000
6	68	130	85.000000	32.513089	8.720059	3.919976	100507.015625
7	95	152	118.750000	53.246073	15.472025	1.495873	100710.117188
8	137	178	171.250000	77.748691	16.814386	3.478274	99345.234375
28	9	5	11	18
0	30	23	37.500000	-68.324607	18.499512	2.081865	98346.945312
1	34	24	42.500000	-67.382199	18.798624	4.867068	98324.812500
2	245	111	306.250000	14.607330	17.587029	2.827225	100788.867188
3	138	112	172.500000	15.549738	13.176942	3.049282	100995.445312
4	232	118	290.000000	21.204188	18.994717	2.507035	100594.039062
5	72	121	90.000000	24.031414	5.325181	4.843136	100493.914062
6	208	124	260.000000	26.858639	4.913986	4.807110	100852.179688
7	72	129	90.000000	31.570681	5.325181	3.026693	100818.898438
8	69	131	86.250000	33.455497	6.437507	4.329353	100658.531250
9	21	161	26.250000	61.727749	15.311238	4.408181	100748.734375
10	136	178	170.000000	77.748691	16.280712	3.437220	99427.093750
28	9	5	12	21
0	34	24	42.500000	-67.382199	17.021339	3.616259	98461.687500
1	236	73	295.000000	-21.204188	8.303860	4.849229	100798.515625
2	230	80	287.500000	-14.607330	6.997951	1.531290	101044.390625
3	11	85	13.750000	-9.895288	7.954188	2.462803	101346.093750
4	136	94	170.000000	-1.413613	12.576035	3.771832	101033.585938
5	245	112	306.250000	15.549738	18.122543	3.069580	100761.546875
6	231	118	288.750000	21.204188	18.280771	3.609884	100507.390625
7	208	124	260.000000	26.858639	5.177168	4.807110	100613.351562
8	72	129	90.000000	31.570681	5.597343	4.696506	100859.031250
9	69	131	86.250000	33.455497	7.389749	4.329353	100750.179688
10	223	156	278.750000	57.015707	25.968779	3.366237	99455.804688
11	136	177	170.000000	76.806283	15.396783	3.687377	99512.890625
28	9	6	13	0
0	33	24	41.250000	-67.382199	17.295273	3.616259	98615.859375
1	168	48	210.000000	-44.764398	22.915684	3.360847	97723.460938
2	235	72	293.750000	-22.146597	12.151682	4.847256	101103.468750
3	231	79	288.750000	-15.549738	7.626251	4.918804	101349.757812
4	225	92	281.250000	-3.298429	9.629198	1.247929	100680.703125
5	244	112	305.000000	15.549738	19.237291	3.069580	100802.210938
6	231	119	288.750000	22.146597	17.456255	2.973295	100503.843750
7	25	127	31.250000	29.685864	7.144280	3.928349	100808.195312
8	72	129	90.000000	31.570681	5.278719	3.519743	101091.867188
9	66	130	82.500000	32.513089	8.599727	3.919976	101000.828125
10	70	131	87.500000	33.455497	7.934321	4.940566	101010.617188
11	225	157	281.250000	57.958115	28.954775	2.777822	99275.039062
12	135	177	168.750000	76.806283	14.940829	3.131221	99610.062500
28	9	6	13	3
0	186	14	232.500000	-76.806283	17.890676	4.734337	98500.914062
1	168	48	210.000000	-44.764398	22.955441	3.769634	97665.765625
2	117	90	146.250000	-5.183246	12.800302	1.562067	100826.429688
3	225	92	281.250000	-3.298429	10.499645	1.247929	100924.617188
4	244	113	305.000000	16.492147	19.076719	2.230381	100809.359375
5	31	116	38.750000	19.319372	5.395157	1.179609	100914.062500
6	23	119	28.750000	22.146597	10.498677	4.970188	100686.046875
7	231	119	288.750000	22.146597	18.654865	2.973295	100565.000000
8	25	127	31.250000	29.685864	7.477654	3.928349	100912.476562
9	66	130	82.500000	32.513089	8.532597	3.919976	101172.210938
10	68	130	85.000000	32.513089	8.532597	3.919976	101086.156250
11	70	132	87.500000	34.397906	6.700951	2.827225	101107.117188
12	134	177	167.500000	76.806283	14.626483	3.092867	99730.164062
28	9	6	11	6
0	185	12	231.250000	-78.691099	18.307770	3.900633	98602.265625
1	168	48	210.000000	-44.764398	23.657152	3.314649	97717.367188
2	225	92	281.250000	-3.298429	10.340887	2.259723	100999.453125
3	118	113	147.500000	16.492147	13.701191	4.865352	100194.140625
4	243	113	303.750000	16.492147	18.593155	2.230381	100713.953125
5	21	116	26.250000	19.319372	11.818958	3.769634	100850.640625
6	230	119	287.500000	22.146597	19.254322	3.639070	100522.789062
7	65	130	81.250000	32.513089	8.742222	4.339850	100907.656250
8	72	130	90.000000	32.513089	10.209671	4.296687	100887.195312
9	71	132	88.750000	34.397906	10.209671	2.142895	100778.359375
10	136	176	170.000000	75.863874	14.955390	4.764132	99827.460938
28	9	6	7	9
0	168	48	210.000000	-44.764398	24.347727	3.769634	97699.609375
1	225	92	281.250000	-3.298429	9.244168	2.259723	101023.375000
2	243	113	303.750000	16.492147	19.005768	3.067185	100741.695312
3	118	115	147.500000	18.376963	10.358953	4.862695	100232.625000
4	230	120	287.500000	23.089005	19.745836	2.960597	100460.359375
5	65	130	81.250000	32.513089	9.160531	4.339850	100539.203125
6	136	176	170.000000	75.863874	15.315770	4.725120	99930.140625
28	9	6	7	12
0	28	20	35.000000	-71.151832	14.178686	1.029100	99158.023438
1	168	48	210.000000	-44.764398	24.769112	3.865910	97626.640625
2	118	115	147.500000	18.376963	10.400607	4.862695	100292.445312
3	39	124	48.750000	26.858639	6.193489	3.814882	100483.015625
4	65	130	81.250000	32.513089	8.309228	4.339850	100356.875000
5	78	132	97.500000	34.397906	7.844906	4.941854	100476.226562
6	137	175	171.250000	74.921466	15.471282	3.838711	100025.164062
28	9	6	9	15
0	19	18	23.750000	-73.036649	13.831315	4.225295	99133.890625
1	169	48	211.250000	-44.764398	24.061657	4.141310	97591.890625
2	241	114	301.250000	17.434555	18.521063	2.827225	100800.992188
3	118	115	147.500000	18.376963	10.551829	4.862695	100206.257812
4	90	121	112.500000	24.031414	18.454100	2.199161	100287.906250
5	230	121	287.500000	24.031414	19.286043	3.044147	100634.015625
6	65	130	81.250000	32.513089	7.185591	3.022967	100585.578125
7	29	159	36.250000	59.842932	9.887577	4.853216	101133.921875
8	31	160	38.750000	60.785340	9.887577	3.769634	101196.757812
28	9	6	13	18
0	19	18	23.750000	-73.036649	14.588802	4.523778	99241.953125
1	169	48	211.250000	-44.764398	23.897770	4.788003	97630.367188
2	243	86	303.750000	-8.952880	9.750456	2.827225	100780.843750
3	12	109	15.000000	12.722513	8.690821	3.088913	100786.679688
4	118	115	147.500000	18.376963	10.660621	4.862695	100122.039062
5	23	118	28.750000	21.204188	10.445820	4.415413	100814.671875
6	229	121	286.250000	24.031414	19.092714	3.617679	100599.398438
7	190	128	237.500000	30.628272	9.963418	4.919448	101357.750000
8	65	131	81.250000	33.455497	6.058381	2.148514	100718.367188
9	76	131	95.000000	33.455497	7.976425	3.007402	100722.320312
10	78	134	97.500000	36.282723	7.976425	3.022711	100512.718750
11	29	159	36.250000	59.842932	9.345182	4.448961	101182.789062
12	206	179	257.500000	78.691099	8.333333	4.852509	101532.515625
28	9	6	16	21
0	19	18	23.750000	-73.036649	13.986100	4.523778	99174.335938
1	169	48	211.250000	-44.764398	22.727339	4.563457	97631.085938
2	230	80	287.500000	-14.607330	9.428416	3.628747	100944.281250
3	103	82	128.750000	-12.722513	15.675663	4.498525	101232.640625
4	240	114	300.000000	17.434555	16.805836	3.769634	100657.109375
5	71	119	88.750000	22.146597	5.746363	4.970188	100405.929688
6	72	121	90.000000	24.031414	5.725112	4.566371	100402.890625
7	190	128	237.500000	30.628272	9.444189	4.734402	101341.437500
8	65	130	81.250000	32.513089	5.673021	4.834270	100838.187500
9	76	131	95.000000	33.455497	9.651905	2.827225	100762.375000
10	78	133	97.500000	35.340314	9.651905	2.235595	100638.523438
11	98	146	122.500000	47.591623	14.699745	1.269458	100879.250000
12	211	176	263.750000	75.863874	6.771219	4.828432	101585.671875
13	205	177	256.250000	76.806283	9.250280	4.925029	101577.445312
14	208	178	260.000000	77.748691	7.560301	4.907876	101571.648438
15	206	179	257.500000	78.691099	8.255957	4.903105	101571.546875
28	9	7	11	0
0	16	17	20.000000	-73.979058	14.145892	4.110029	99149.289062
1	19	18	23.750000	-73.036649	14.145892	2.689197	99133.117188
2	170	48	212.500000	-44.764398	21.699768	4.801403	97621.578125
3	240	114	300.000000	17.434555	17.263325	3.949801	100716.468750
4	37	125	46.250000	27.801047	11.967760	4.422557	100565.062500
5	68	129	85.000000	31.570681	5.243824	4.228741	101368.164062
6	70	129	87.500000	31.570681	6.067527	4.228741	101306.406250
7	65	130	81.250000	32.513089	5.206700	4.277673	101068.406250
8	76	131	95.000000	33.455497	8.375799	3.007402	101050.390625
9	78	132	97.500000	34.397906	8.375799	2.142895	100822.000000
10	139	175	173.750000	74.921466	14.261939	4.841793	100402.382812
28	9	7	4	3
0	170	48	212.500000	-44.764398	20.614389	4.801403	97654.070312
1	68	129	85.000000	31.570681	6.324745	1.884817	101505.828125
2	65	130	81.250000	32.513089	6.324745	4.277673	101237.984375
3	139	175	173.750000	74.921466	14.377530	4.726639	100551.687500
28	9	7	8	6
0	170	48	212.500000	-44.764398	17.771626	4.663724	97775.109375
1	19	115	23.750000	18.376963	12.012269	3.955509	101120.429688
2	239	115	298.750000	18.376963	16.676804	3.769634	100678.406250
3	20	117	25.000000	20.261780	10.607808	3.659079	101107.023438
4	65	130	81.250000	32.513089	5.842816	3.545923	100945.429688
5	68	130	85.000000	32.513089	5.842816	3.022967	101162.718750
6	81	133	101.250000	35.340314	9.842433	2.999279	99965.570312
7	206	175	257.500000	74.921466	9.426742	4.845034	101567.812500
28	9	7	7	9
0	226	83	282.500000	-11.780105	12.011236	2.447338	101000.523438
1	19	115	23.750000	18.376963	13.225226	3.702650	101151.570312
2	239	115	298.750000	18.376963	16.709436	3.947726	100681.742188
3	272	117	340.000000	20.261780	10.602512	2.997345	101079.476562
4	68	129	85.000000	31.570681	7.754735	3.736595	100845.640625
5	65	130	81.250000	32.513089	7.949756	3.908072	100539.765625
6	81	132	101.250000	34.397906	7.767143	2.062783	99925.664062
28	9	7	9	12
0	228	23	285.000000	-68.324607	30.304459	2.768400	95549.562500
1	227	81	283.750000	-13.664921	11.291486	3.770603	101197.007812
2	226	83	282.500000	-11.780105	11.364033	3.670991	101067.078125
3	20	115	25.000000	18.376963	12.417954	2.230381	101031.757812
4	238	116	297.500000	19.319372	16.693634	3.769634	100758.312500
5	272	117	340.000000	20.261780	10.768137	3.056491	101137.281250
6	228	124	285.000000	26.858639	17.746668	2.412544	100614.273438
7	71	128	88.750000	30.628272	9.954502	4.919448	100740.984375
8	65	130	81.250000	32.513089	9.245399	3.908072	100332.250000
28	9	7	9	15
0	18	115	22.500000	18.376963	12.071226	4.043605	100977.023438
1	20	115	25.000000	18.376963	12.071226	2.230381	100944.390625
2	238	116	297.500000	19.319372	16.595087	3.769634	100765.218750
3	118	117	147.500000	20.261780	15.030868	4.712042	100023.773438
4	272	117	340.000000	20.261780	11.031336	3.056491	101056.789062
5	70	128	87.500000	30.628272	7.954579	4.424347	100949.320312
6	65	130	81.250000	32.513089	8.880568	2.827225	100568.968750
7	243	184	303.750000	83.403141	10.697702	3.786742	102102.132812
8	228	186	285.000000	85.287958	7.080772	3.520723	102014.437500
28	9	7	4	18
0	238	117	297.500000	20.261780	15.819758	3.056491	100693.609375
1	79	127	98.750000	29.685864	7.126590	4.343431	101350.851562
2	70	128	87.500000	30.628272	5.197106	3.571028	101026.828125
3	65	130	81.250000	32.513089	6.690561	4.822206	100720.960938
28	9	7	5	21
0	234	71	292.500000	-23.089005	11.963480	4.939765	101006.296875
1	94	92	117.500000	-3.298429	16.218950	2.259723	100814.570312
2	237	117	296.250000	20.261780	15.445866	3.659079	100617.937500
3	65	130	81.250000	32.513089	7.085548	4.822206	100839.531250
4	239	184	298.750000	83.403141	9.884873	4.945010	102141.648438
28	9	8	6	0
0	235	72	293.750000	-22.146597	15.294823	4.450224	101182.585938
1	235	74	293.750000	-20.261780	14.665129	4.423677	101207.164062
2	226	85	282.500000	-9.895288	9.720811	4.137189	101016.523438
3	237	117	296.250000	20.261780	15.355575	3.943331	100639.609375
4	209	124	261.250000	26.858639	5.902631	2.429659	100593.867188
5	65	130	81.250000	32.513089	5.947341	3.769634	101072.546875
28	9	8	6	3
0	228	81	285.000000	-13.664921	10.255342	3.770603	101340.375000
1	227	83	283.750000	-11.780105	11.028915	3.670991	101276.398438
2	225	85	281.250000	-9.895288	11.028915	2.249364	101139.835938
3	18	119	22.500000	22.146597	11.471666	4.710394	100901.109375
4	227	127	283.750000	29.685864	16.095776	3.376410	100682.609375
5	65	130	81.250000	32.513089	5.389463	4.277673	101264.585938
28	9	8	5	6
0	226	83	282.500000	-11.780105	11.407741	3.795964	101180.289062
1	225	85	281.250000	-9.895288	11.407741	2.633549	101081.164062
2	189	112	236.250000	15.549738	7.898205	4.918804	101250.398438
3	30	121	37.500000	24.031414	14.094332	4.843136	100887.117188
4	65	130	81.250000	32.513089	5.497367	4.298185	100953.367188
28	9	8	8	9
0	227	81	283.750000	-13.664921	10.830824	4.114774	101175.679688
1	226	83	282.500000	-11.780105	11.373146	4.992552	101070.398438
2	140	113	175.000000	16.492147	9.496878	4.552207	101219.867188
3	30	121	37.500000	24.031414	5.718549	4.843136	100859.882812
4	236	121	295.000000	24.031414	16.720808	1.477098	100566.007812
5	65	130	81.250000	32.513089	7.492184	3.769634	100550.765625
6	68	130	85.000000	32.513089	7.492184	4.875975	100985.554688
7	202	144	252.500000	45.706806	12.996527	2.803510	100989.695312
28	9	8	3	12
0	171	47	213.750000	-45.706806	20.736820	4.712042	98593.523438
1	118	119	147.500000	22.146597	16.118055	3.938623	99995.781250
2	65	130	81.250000	32.513089	8.084612	2.827225	100393.164062
28	9	8	6	15
0	142	113	177.500000	16.492147	9.224572	3.694701	101051.390625
1	236	120	295.000000	23.089005	16.063080	2.203568	100617.656250
2	79	129	98.750000	31.570681	7.158485	1.884817	100812.937500
3	65	130	81.250000	32.513089	7.539179	2.827225	100654.820312
4	236	175	295.000000	74.921466	21.042549	2.274187	99391.164062
5	240	175	300.000000	74.921466	21.042549	0.975373	99352.828125
28	9	8	4	18
0	116	87	145.000000	-8.010471	18.012808	1.884817	100923.695312
1	235	120	293.750000	23.089005	15.224953	3.564095	100543.695312
2	58	121	72.500000	24.031414	5.764364	4.843136	100762.656250
3	66	130	82.500000	32.513089	5.947466	2.154047	100819.640625
28	9	8	5	21
0	116	87	145.000000	-8.010471	19.280092	1.554543	100973.335938
1	82	114	102.500000	17.434555	9.500726	4.536970	100798.062500
2	76	119	95.000000	22.146597	10.568075	3.473246	100519.742188
3	235	120	293.750000	23.089005	14.680178	3.449518	100453.007812
4	66	130	82.500000	32.513089	5.901661	4.296687	100923.507812
28	9	9	3	0
0	225	92	281.250000	-3.298429	7.118071	1.247929	100701.171875
1	235	120	293.750000	23.089005	14.189684	3.449518	100478.632812
2	66	130	82.500000	32.513089	6.051251	4.296687	101186.375000
28	9	9	5	3
0	80	37	100.000000	-55.130890	28.913363	4.947968	97556.539062
1	225	85	281.250000	-9.895288	10.830254	2.633549	101200.070312
2	235	121	293.750000	24.031414	13.599590	2.827225	100514.335938
3	66	130	82.500000	32.513089	6.048551	4.296687	101308.148438
4	217	144	271.250000	45.706806	9.600571	4.998720	101316.640625
28	9	9	10	6
0	82	37	102.500000	-55.130890	26.244432	4.947968	97719.570312
1	226	101	282.500000	5.183246	8.954965	1.244888	101031.570312
2	235	120	293.750000	23.089005	14.518019	1.489792	100353.898438
3	83	126	103.750000	28.743455	6.905006	2.191914	100293.554688
4	81	127	101.250000	29.685864	6.905006	4.464168	100665.351562
5	38	129	47.500000	31.570681	10.401155	2.129941	100641.367188
6	66	130	82.500000	32.513089	5.925349	4.296687	100951.203125
7	217	143	271.250000	44.764398	7.226950	4.563457	101395.046875
8	269	177	336.250000	76.806283	17.689022	4.131369	101027.179688
9	268	179	335.000000	78.691099	19.315781	3.947684	101102.242188
28	9	9	11	9
0	235	121	293.750000	24.031414	15.610845	2.207837	100295.476562
1	75	127	93.750000	29.685864	7.619425	3.583151	100678.671875
2	38	129	47.500000	31.570681	8.151793	2.129941	100572.304688
3	76	129	95.000000	31.570681	7.619425	4.836559	100475.304688
4	66	130	82.500000	32.513089	7.738593	3.506278	100526.796875
5	68	130	85.000000	32.513089	7.738593	2.827225	100630.476562
6	264	175	330.000000	74.921466	17.546375	2.006719	102182.632812
7	272	175	340.000000	74.921466	17.546375	2.795891	101184.585938
8	270	177	337.500000	76.806283	18.752499	4.131369	101192.078125
9	269	179	336.250000	78.691099	18.752499	2.314414	101216.945312
10	266	180	332.500000	79.633508	18.752499	1.141205	101136.226562
28	9	9	9	12
0	233	87	291.250000	-8.010471	9.699230	4.873374	100912.039062
1	226	101	282.500000	5.183246	11.362253	1.244888	100921.664062
2	235	121	293.750000	24.031414	16.289223	2.283276	100375.882812
3	71	128	88.750000	30.628272	6.653196	4.424347	100598.515625
4	76	129	95.000000	31.570681	8.801063	4.836559	100508.023438
5	66	130	82.500000	32.513089	8.579473	3.506278	100364.734375
6	276	177	345.000000	76.806283	18.162771	4.901270	101343.546875
7	215	178	268.750000	77.748691	21.112774	4.745236	100456.367188
8	270	179	337.500000	78.691099	18.920723	3.665823	101413.578125
28	9	9	9	15
0	245	87	306.250000	-8.010471	14.360909	4.873374	101090.414062
1	225	101	281.250000	5.183246	12.280866	0.000000	100996.843750
2	234	122	292.500000	24.973822	16.972675	2.960597	100401.343750
3	71	128	88.750000	30.628272	5.087976	4.318653	100811.859375
4	66	130	82.500000	32.513089	7.108655	4.834270	100588.242188
5	272	174	340.000000	73.979058	15.666707	4.931312	101505.570312
6	271	177	338.750000	76.806283	18.376280	4.977835	101654.289062
7	277	177	346.250000	76.806283	16.505722	4.475665	101397.929688
8	269	180	336.250000	79.633508	18.664650	2.362427	101559.078125
28	9	9	7	18
0	237	83	296.250000	-11.780105	5.154117	3.769634	100470.085938
1	134	97	167.500000	1.413613	9.446159	4.874888	100821.500000
2	234	122	292.500000	24.973822	17.245607	2.462270	100290.820312
3	66	130	82.500000	32.513089	7.514464	4.834270	100755.335938
4	270	177	337.500000	76.806283	18.782896	4.849596	101727.046875
5	281	177	351.250000	76.806283	16.557779	4.751728	101471.484375
6	270	180	337.500000	79.633508	18.782896	2.142069	101739.312500
28	9	9	4	21
0	234	122	292.500000	24.973822	17.019360	2.462270	100212.835938
1	66	130	82.500000	32.513089	6.421521	4.834270	100894.921875
2	271	177	338.750000	76.806283	18.544170	4.734337	101949.187500
3	282	177	352.500000	76.806283	17.093975	4.609601	101516.757812
28	9	10	4	0
0	234	123	292.500000	25.916230	17.047831	2.429659	100235.390625
1	66	130	82.500000	32.513089	5.306104	3.545923	101117.828125
2	272	176	340.000000	75.863874	16.092783	4.738514	102144.335938
3	283	177	353.750000	76.806283	16.092783	4.350739	101547.554688
28	9	10	6	3
0	226	102	282.500000	6.125654	12.241096	0.942408	100969.929688
1	234	123	292.500000	25.916230	17.898842	2.248551	100323.617188
2	70	129	87.500000	31.570681	5.559926	4.897913	101242.078125
3	68	130	85.000000	32.513089	5.107924	3.652131	101263.890625
4	80	130	100.000000	32.513089	5.397367	4.341342	100933.031250
5	284	177	355.000000	76.806283	15.411330	3.336634	101570.726562
28	9	10	4	6
0	276	28	345.000000	-63.612565	32.523312	4.862053	95791.000000
1	233	123	291.250000	25.916230	18.297127	3.372762	100221.062500
2	273	175	341.250000	74.921466	15.217091	4.532432	102278.367188
3	285	176	356.250000	75.863874	15.217091	2.827225	101616.250000
28	9	10	6	9
0	234	87	292.500000	-8.010471	9.944583	4.515158	100693.273438
1	225	103	281.250000	7.068063	13.828562	1.558838	100791.539062
2	233	123	291.250000	25.916230	18.298893	3.372762	100165.203125
3	81	126	101.250000	28.743455	7.825392	4.502851	100195.000000
4	206	170	257.500000	70.209424	11.243418	4.415425	101472.000000
5	286	176	357.500000	75.863874	15.217459	1.220768	101668.398438
28	9	10	7	12
0	234	87	292.500000	-8.010471	10.230577	4.515158	100876.492188
1	20	90	25.000000	-5.183246	8.833630	3.125345	101142.265625
2	216	103	270.000000	7.068063	6.286439	4.164196	100957.718750
3	227	106	283.750000	9.895288	13.092642	3.967582	100750.773438
4	233	124	291.250000	26.858639	18.888269	3.488795	100229.148438
5	66	130	82.500000	32.513089	5.763991	2.108123	100306.515625
6	2	175	2.500000	74.921466	15.574744	2.688253	101803.875000
28	9	10	6	15
0	251	27	313.750000	-64.554974	27.572092	2.187566	94751.382812
1	25	73	31.250000	-21.204188	6.202736	4.415413	101500.421875
2	247	90	308.750000	-5.183246	14.452006	3.770266	101065.453125
3	233	124	291.250000	26.858639	20.069376	3.488795	100268.804688
4	66	130	82.500000	32.513089	6.676680	2.827225	100541.601562
5	2	175	2.500000	74.921466	15.809445	2.274187	101842.507812
28	9	10	5	18
0	252	27	315.000000	-64.554974	27.231791	1.964890	94761.515625
1	122	38	152.500000	-54.188482	35.098633	4.851154	94965.062500
2	247	90	308.750000	-5.183246	10.172062	4.689565	100722.273438
3	233	124	291.250000	26.858639	21.099983	3.488795	100189.773438
4	66	130	82.500000	32.513089	6.225562	3.011385	100759.429688
28	9	10	4	21
0	253	27	316.250000	-64.554974	27.446926	2.882932	94781.546875
1	78	94	97.500000	-1.413613	11.546228	4.522992	100866.273438
2	67	130	83.750000	32.513089	4.894193	3.011385	100910.054688
3	69	130	86.250000	32.513089	4.894193	3.011385	100931.179688
28	9	11	8	0
0	254	27	317.500000	-64.554974	28.054991	3.769634	94854.226562
1	226	85	282.500000	-9.895288	8.850435	4.867702	100904.343750
2	118	121	147.500000	24.031414	26.281820	4.852995	99637.648438
3	203	121	253.750000	24.031414	7.174289	3.424857	100495.671875
4	199	122	248.750000	24.973822	5.649326	4.939765	100411.609375
5	84	126	105.000000	28.743455	15.502702	1.095972	99906.492188
6	71	128	88.750000	30.628272	8.507613	4.360198	101213.492188
7	69	130	86.250000	32.513089	4.426302	4.961246	101169.718750
28	9	11	4	3
0	255	27	318.750000	-64.554974	28.818127	3.939741	94960.468750
1	233	125	291.250000	27.801047	21.551477	3.461964	100125.062500
2	84	126	105.000000	28.743455	11.416523	4.301325	99948.484375
3	71	132	88.750000	34.397906	3.910919	3.015309	101194.882812
28	9	11	5	6
0	257	27	321.250000	-64.554974	29.132200	4.142508	95061.632812
1	233	126	291.250000	28.743455	21.578697	2.394898	100044.078125
2	71	130	88.750000	32.513089	6.834063	4.961246	100844.960938
3	69	131	86.250000	33.455497	6.716712	4.853655	100881.679688
4	71	132	88.750000	34.397906	5.576319	3.003366	100829.992188
28	9	11	6	9
0	258	27	322.500000	-64.554974	27.842594	4.410652	95177.351562
1	84	126	105.000000	28.743455	11.259201	4.339850	99487.523438
2	233	126	291.250000	28.743455	21.333788	2.394898	99952.140625
3	73	129	91.250000	31.570681	8.744186	3.026693	100427.156250
4	69	131	86.250000	33.455497	8.295278	4.853655	100482.007812
5	71	132	88.750000	34.397906	7.589696	4.941854	100468.953125
28	9	11	11	12
0	260	28	325.000000	-63.612565	24.966999	4.057538	95265.617188
1	229	79	286.250000	-15.549738	9.062677	4.605806	101272.085938
2	233	126	291.250000	28.743455	21.374701	3.434283	100027.820312
3	71	128	88.750000	30.628272	8.214287	4.360198	100352.335938
4	70	132	87.500000	34.397906	8.181984	4.492289	100357.343750
5	101	190	126.250000	89.057592	8.921778	4.473349	101994.937500
6	104	190	130.000000	89.057592	8.921778	4.434475	101994.796875
7	111	190	138.750000	89.057592	8.921778	4.333965	101992.359375
8	113	190	141.250000	89.057592	8.921778	4.302876	101991.992188
9	143	190	178.750000	89.057592	8.921778	3.743818	101956.468750
10	149	190	186.250000	89.057592	8.921778	3.620619	101943.148438
28	9	11	11	15
0	263	26	328.750000	-65.497382	22.889256	4.712042	95248.445312
1	261	28	326.250000	-63.612565	22.889256	3.057671	95266.406250
2	229	79	286.250000	-15.549738	11.347494	4.605806	101151.460938
3	225	92	281.250000	-3.298429	8.450708	4.991712	101202.507812
4	233	127	291.250000	29.685864	22.075018	3.405762	100024.734375
5	71	128	88.750000	30.628272	10.591986	4.360198	100629.757812
6	70	132	87.500000	34.397906	7.966064	4.817141	100621.078125
7	183	167	228.750000	67.382199	12.135269	4.541863	100340.523438
8	102	190	127.500000	89.057592	8.623296	4.393032	101991.468750
9	121	190	151.250000	89.057592	8.627710	4.825268	101979.156250
10	137	190	171.250000	89.057592	8.627710	4.498318	101950.085938
28	9	11	6	18
0	140	122	175.000000	24.973822	22.427828	3.399270	100023.976562
1	233	127	291.250000	29.685864	22.280584	3.405762	99954.429688
2	71	128	88.750000	30.628272	10.716952	4.360198	100762.140625
3	70	132	87.500000	34.397906	8.856893	4.817141	100843.210938
4	183	166	228.750000	66.439791	12.495872	3.494629	100315.335938
5	124	190	155.000000	89.057592	8.673502	4.621351	101989.093750
28	9	11	7	21
0	264	28	330.000000	-63.612565	21.332535	4.712042	95225.203125
1	29	89	36.250000	-6.125654	11.535829	4.685924	101862.109375
2	140	122	175.000000	24.973822	23.982904	3.399270	100090.632812
3	233	128	291.250000	30.628272	22.153521	3.376410	99866.617188
4	183	167	228.750000	67.382199	12.653103	2.624527	100287.078125
5	134	189	167.500000	88.115183	8.448768	4.985889	101973.398438
6	110	190	137.500000	89.057592	8.170345	4.805150	102051.289062
28	9	12	7	0
0	1	27	1.250000	-64.554974	37.805573	2.827225	94727.429688
1	29	89	36.250000	-6.125654	11.560597	3.848863	101746.437500
2	233	128	291.250000	30.628272	21.508247	3.226691	99871.226562
3	183	167	228.750000	67.382199	13.014203	1.746224	100354.765625
4	134	187	167.500000	86.230366	8.312631	1.140550	101971.460938
5	67	189	83.750000	88.115183	8.312631	4.599030	102205.179688
6	102	190	127.500000	89.057592	8.312631	3.936772	102070.984375
28	9	12	7	3
0	4	27	5.000000	-64.554974	37.474987	2.882932	94858.851562
1	116	92	145.000000	-3.298429	12.843284	4.517392	100844.531250
2	225	92	281.250000	-3.298429	8.011961	3.862135	101107.820312
3	140	123	175.000000	25.916230	23.342083	3.514766	99778.640625
4	233	128	291.250000	30.628272	20.998594	3.226691	99897.125000
5	72	131	90.000000	33.455497	4.636960	4.853655	101175.281250
6	183	167	228.750000	67.382199	14.898980	1.746224	100576.531250
28	9	12	4	6
0	6	118	7.500000	21.204188	10.812324	4.849229	101304.101562
1	140	123	175.000000	25.916230	21.800556	3.514766	99744.976562
2	120	125	150.000000	27.801047	29.917913	4.388964	98911.843750
3	233	128	291.250000	30.628272	20.421017	3.226691	99830.187500
28	9	12	9	9
0	229	79	286.250000	-15.549738	7.484601	4.059543	101156.476562
1	6	118	7.500000	21.204188	9.960235	3.008682	101451.398438
2	85	125	106.250000	27.801047	14.231170	3.922825	100185.656250
3	120	126	150.000000	28.743455	27.549839	3.919976	98906.328125
4	80	128	100.000000	30.628272	14.231170	4.383400	100109.218750
5	233	129	291.250000	31.570681	19.706791	2.338853	99790.929688
6	70	132	87.500000	34.397906	7.346025	4.274035	100365.351562
7	184	170	230.000000	70.209424	15.028486	4.014235	100963.312500
8	72	185	90.000000	84.345550	8.415058	3.274572	102731.203125
28	9	12	9	12
0	229	79	286.250000	-15.549738	9.919497	4.059543	101118.898438
1	5	118	6.250000	21.204188	7.901523	3.631432	101244.867188
2	119	126	148.750000	28.743455	26.375036	4.339850	98939.460938
3	71	128	88.750000	30.628272	7.063565	4.360198	100285.273438
4	80	128	100.000000	30.628272	13.939825	4.383400	100287.343750
5	233	129	291.250000	31.570681	20.310307	3.194825	99812.773438
6	70	132	87.500000	34.397906	8.721588	4.492289	100247.992188
7	73	132	91.250000	34.397906	7.238352	3.478657	100364.546875
8	185	170	231.250000	70.209424	13.552831	4.735292	101121.367188
28	9	12	8	15
0	231	77	288.750000	-17.434555	6.803486	4.580494	101154.546875
1	229	79	286.250000	-15.549738	4.413247	4.605806	101025.742188
2	119	126	148.750000	28.743455	27.596125	4.301325	98833.453125
3	71	128	88.750000	30.628272	6.831497	4.360198	100637.898438
4	233	129	291.250000	31.570681	22.390776	3.194825	99817.593750
5	70	132	87.500000	34.397906	8.006514	4.817141	100505.429688
6	272	164	340.000000	64.554974	11.762148	4.853216	102313.210938
7	185	171	231.250000	71.151832	9.126064	4.901095	101264.406250
28	9	12	7	18
0	232	76	290.000000	-18.376963	6.779513	4.566719	100945.210938
1	116	87	145.000000	-8.010471	12.578876	2.646130	100913.976562
2	119	125	148.750000	27.801047	32.728313	4.845224	98736.890625
3	71	128	88.750000	30.628272	7.260366	4.360198	100812.632812
4	234	130	292.500000	32.513089	24.384562	2.319162	99696.937500
5	70	132	87.500000	34.397906	6.862732	2.776730	100655.804688
6	272	164	340.000000	64.554974	11.044121	4.712042	102273.664062
28	9	12	8	21
0	229	80	286.250000	-14.607330	7.135734	0.942408	100684.742188
1	32	117	40.000000	20.261780	7.115807	4.851143	100834.414062
2	119	125	148.750000	27.801047	30.864086	4.845224	98746.953125
3	140	125	175.000000	27.801047	22.100515	2.919908	99792.875000
4	71	128	88.750000	30.628272	7.495560	4.360198	100924.140625
5	72	130	90.000000	32.513089	6.816836	3.769634	100914.101562
6	234	130	292.500000	32.513089	25.479061	2.108123	99525.367188
7	70	132	87.500000	34.397906	6.816836	2.776730	100833.812500
