1001	10	1	22	0
0	745	19	281.375000	4.875000	4.373244	0.000000	101046.609375
1	708	24	272.125000	6.125000	3.161663	0.000000	101003.132812
2	741	25	280.375000	6.375000	9.295945	0.000000	100936.039062
3	697	26	269.375000	6.625000	8.437696	0.000000	100936.835938
4	730	27	277.625000	6.875000	7.371929	0.000000	100993.617188
5	702	28	270.625000	7.125000	3.687161	0.000000	100881.695312
6	732	30	278.125000	7.625000	8.511668	0.000000	100972.765625
7	729	31	277.375000	7.875000	4.508483	0.000000	100977.906250
8	977	31	339.375000	7.875000	4.062062	0.000000	101326.757812
9	980	31	340.125000	7.875000	3.462957	0.000000	101325.773438
10	743	32	280.875000	8.125000	0.325781	0.000000	100675.250000
11	989	35	342.375000	8.875000	5.568547	0.000000	101276.867188
12	171	40	137.875000	10.125000	1.612227	0.000000	101020.921875
13	50	53	107.625000	13.375000	5.834726	0.000000	100835.007812
14	60	54	110.125000	13.625000	2.899958	0.000000	100635.007812
15	54	55	108.625000	13.875000	9.083369	0.000000	100683.875000
16	57	67	109.375000	16.875000	3.434317	0.000000	100801.929688
17	147	84	131.875000	21.125000	7.469223	0.000000	93703.000000
18	806	97	296.625000	24.375000	0.608081	0.000000	100239.531250
19	990	100	342.625000	25.125000	9.402698	0.000000	101519.140625
20	981	101	340.375000	25.375000	1.811150	0.000000	101494.585938
21	837	196	304.375000	49.125000	20.201181	0.000000	100293.523438
1001	10	1	15	6
0	746	25	281.625000	6.375000	9.158454	0.000000	101119.593750
1	762	25	285.625000	6.375000	2.777843	0.000000	101209.539062
2	746	27	281.625000	6.875000	11.032510	0.000000	101118.179688
3	703	29	270.875000	7.375000	5.023518	0.000000	101012.328125
4	765	30	286.375000	7.625000	4.768771	0.000000	101124.117188
5	740	33	280.125000	8.375000	8.876865	0.000000	100893.960938
6	760	33	285.125000	8.375000	3.106287	0.000000	101054.851562
7	984	34	341.125000	8.625000	6.333613	0.000000	101055.687500
8	739	38	279.875000	9.625000	6.370717	0.000000	100998.632812
9	49	53	107.375000	13.375000	8.965554	0.000000	100765.257812
10	142	85	130.625000	21.375000	15.300489	0.000000	93421.250000
11	808	99	297.125000	24.875000	2.726180	0.000000	100155.281250
12	978	101	339.625000	25.375000	2.046309	0.000000	101362.187500
13	801	176	295.375000	44.125000	19.139410	0.000000	100151.218750
14	838	198	304.625000	49.625000	24.968592	0.000000	99952.210938
1001	10	1	20	12
0	786	15	291.625000	3.875000	2.453760	0.000000	101131.859375
1	780	21	290.125000	5.375000	1.388853	0.000000	101134.562500
2	787	23	291.875000	5.875000	4.077958	0.000000	101061.687500
3	781	28	290.375000	7.125000	9.114873	0.000000	101093.484375
4	787	28	291.875000	7.125000	10.533745	0.000000	101100.304688
5	764	30	286.125000	7.625000	1.498857	0.000000	101267.421875
6	703	31	270.875000	7.875000	3.325085	0.000000	100847.281250
7	897	31	319.375000	7.875000	3.998608	0.000000	101319.367188
8	699	35	269.875000	8.875000	4.147894	0.000000	101027.296875
9	769	36	287.375000	9.125000	6.583482	0.000000	101050.531250
10	897	36	319.375000	9.125000	6.456451	0.000000	101085.968750
11	772	39	288.125000	9.875000	6.456272	0.000000	101034.156250
12	139	86	129.875000	21.625000	15.804565	0.000000	93512.312500
13	642	97	255.625000	24.375000	5.228374	0.000000	101478.796875
14	811	101	297.875000	25.375000	9.748563	0.000000	99894.718750
15	639	102	254.875000	25.625000	4.252107	0.000000	101498.734375
16	646	102	256.625000	25.625000	11.139569	0.000000	101520.703125
17	643	105	255.875000	26.375000	11.017839	0.000000	101517.054688
18	987	105	341.875000	26.375000	11.968149	0.000000	101564.914062
19	639	106	254.875000	26.625000	4.490767	0.000000	101499.984375
1001	10	1	20	18
0	698	33	269.625000	8.375000	13.375319	0.000000	101103.218750
1	704	33	271.125000	8.375000	8.112196	0.000000	101002.242188
2	893	35	318.375000	8.875000	2.512496	0.000000	100882.671875
3	747	37	281.875000	9.375000	15.718219	0.000000	100971.289062
4	899	37	319.875000	9.375000	5.846166	0.000000	101199.992188
5	34	40	103.625000	10.125000	13.986010	0.000000	100779.953125
6	31	45	102.875000	11.375000	7.803664	0.000000	100752.367188
7	757	46	284.375000	11.625000	7.420887	0.000000	101028.429688
8	39	49	104.875000	12.375000	5.441357	0.000000	100760.546875
9	58	55	109.625000	13.875000	6.599435	0.000000	100635.929688
10	644	56	256.125000	14.125000	5.391237	0.000000	101235.500000
11	134	87	128.625000	21.875000	11.454469	0.000000	93493.921875
12	637	100	254.375000	25.125000	4.636371	0.000000	101674.015625
13	646	100	256.625000	25.125000	5.958522	0.000000	101724.085938
14	816	104	299.125000	26.125000	6.003895	0.000000	99729.039062
15	643	105	255.875000	26.375000	11.945508	0.000000	101728.109375
16	635	108	253.875000	27.125000	4.713976	0.000000	101672.804688
17	638	110	254.625000	27.625000	6.524775	0.000000	101693.390625
18	827	188	301.875000	47.125000	16.822077	0.000000	99895.375000
19	836	199	304.125000	49.875000	15.355603	0.000000	99503.710938
1001	10	2	12	0
0	730	30	277.625000	7.625000	3.553706	0.000000	100949.609375
1	741	32	280.375000	8.125000	3.238091	0.000000	100929.539062
2	751	36	282.875000	9.125000	2.960531	0.000000	100940.687500
3	752	39	283.125000	9.875000	8.247778	0.000000	100954.093750
4	743	41	280.875000	10.375000	4.933555	0.000000	100910.859375
5	757	45	284.375000	11.375000	1.703864	0.000000	101022.625000
6	753	46	283.375000	11.625000	4.860235	0.000000	101024.546875
7	129	88	127.375000	22.125000	6.877831	0.000000	93384.445312
8	822	106	300.625000	26.625000	13.765312	0.000000	99450.445312
9	639	107	254.875000	26.875000	5.683314	0.000000	101548.679688
10	634	108	253.625000	27.125000	3.559164	0.000000	101525.039062
11	637	112	254.375000	28.125000	5.450824	0.000000	101568.984375
1001	10	2	6	6
0	787	22	291.875000	5.625000	2.566325	0.000000	100999.828125
1	785	24	291.375000	6.125000	2.974944	0.000000	100993.921875
2	785	31	291.375000	7.875000	9.702188	0.000000	100958.320312
3	793	31	293.375000	7.875000	8.652675	0.000000	101001.593750
4	125	90	126.375000	22.625000	11.423541	0.000000	93153.070312
5	827	109	301.875000	27.375000	1.459828	0.000000	98985.242188
1001	10	2	17	12
0	786	17	291.625000	4.375000	0.930440	0.000000	101180.835938
1	777	24	289.375000	6.125000	5.832004	0.000000	101200.265625
2	786	25	291.625000	6.375000	9.040788	0.000000	101190.640625
3	777	26	289.375000	6.625000	6.301867	0.000000	101199.210938
4	789	26	292.375000	6.625000	10.250700	0.000000	101192.507812
5	786	29	291.625000	7.375000	10.029294	0.000000	101195.773438
6	779	32	289.875000	8.125000	11.007538	0.000000	101169.953125
7	786	33	291.625000	8.375000	8.452851	0.000000	101204.453125
8	770	37	287.625000	9.375000	5.636176	0.000000	101144.398438
9	772	40	288.125000	10.125000	5.052595	0.000000	101125.953125
10	662	42	260.625000	10.625000	2.611393	0.000000	101040.695312
11	655	43	258.875000	10.875000	4.924699	0.000000	101046.039062
12	662	46	260.625000	11.625000	3.300888	0.000000	101013.546875
13	660	51	260.125000	12.875000	3.960778	0.000000	100879.492188
14	613	56	248.375000	14.125000	6.855971	0.000000	100479.851562
15	121	91	125.375000	22.875000	11.787600	0.000000	93645.476562
16	833	111	303.375000	27.875000	3.900829	0.000000	99124.406250
1001	10	2	11	18
0	701	44	270.375000	11.125000	6.957458	0.000000	101240.664062
1	692	45	268.125000	11.375000	6.327111	0.000000	101217.546875
2	658	46	259.625000	11.625000	3.688733	0.000000	101192.257812
3	660	50	260.125000	12.625000	8.662751	0.000000	101241.687500
4	655	52	258.875000	13.125000	6.670640	0.000000	101045.679688
5	118	93	124.625000	23.375000	6.846286	0.000000	93945.554688
6	102	96	120.625000	24.125000	25.564030	0.000000	100208.492188
7	840	113	305.125000	28.375000	10.743146	0.000000	98757.742188
8	840	148	305.125000	37.125000	12.649172	0.000000	100494.585938
9	849	177	307.375000	44.375000	21.430798	0.000000	99975.812500
10	850	180	307.625000	45.125000	24.053831	0.000000	99964.250000
1001	10	3	9	0
0	653	46	258.375000	11.625000	4.908231	0.000000	100962.351562
1	651	53	257.875000	13.375000	6.390704	0.000000	100766.039062
2	150	83	132.625000	20.875000	17.659460	0.000000	100749.117188
3	102	96	120.625000	24.125000	26.965937	0.000000	100006.289062
4	116	96	124.125000	24.125000	9.449293	0.000000	94203.289062
5	848	115	307.125000	28.875000	24.915430	0.000000	98388.898438
6	847	155	306.875000	38.875000	10.531344	0.000000	100524.804688
7	842	159	305.625000	39.875000	7.680701	0.000000	100678.226562
8	863	197	310.875000	49.375000	17.132978	0.000000	99849.828125
1001	10	3	9	6
0	275	22	163.875000	5.625000	11.958498	0.000000	100659.937500
1	114	23	123.625000	5.875000	10.171677	0.000000	100758.453125
2	267	24	161.875000	6.125000	7.474638	0.000000	100746.710938
3	643	46	255.875000	11.625000	2.421329	0.000000	101314.796875
4	133	51	128.375000	12.875000	5.993529	0.000000	100322.242188
5	646	55	256.625000	13.875000	8.454652	0.000000	101017.757812
6	114	99	123.625000	24.875000	4.691331	0.000000	94371.187500
7	855	117	308.875000	29.375000	26.915148	0.000000	98255.398438
8	854	164	308.625000	41.125000	21.594595	0.000000	100249.335938
1001	10	3	5	12
0	189	49	142.375000	12.375000	6.293420	0.000000	100907.812500
1	192	49	143.125000	12.375000	3.814895	0.000000	100910.734375
2	199	51	144.875000	12.875000	3.334176	0.000000	100892.609375
3	112	102	123.125000	25.625000	6.883005	0.000000	95013.078125
4	863	119	310.875000	29.875000	25.311378	0.000000	98388.234375
1001	10	3	10	18
0	198	48	144.625000	12.125000	5.463691	0.000000	100691.203125
1	197	51	144.375000	12.875000	1.892075	0.000000	100694.078125
2	110	104	122.625000	26.125000	4.724348	0.000000	95812.593750
3	27	105	101.875000	26.375000	3.195771	0.000000	101266.750000
4	32	111	103.125000	27.875000	5.077766	0.000000	101847.445312
5	16	117	99.125000	29.375000	1.943287	0.000000	101850.914062
6	37	119	104.375000	29.875000	5.450985	0.000000	101656.476562
7	35	120	103.875000	30.125000	4.023729	0.000000	101666.750000
8	23	122	100.875000	30.625000	3.283138	0.000000	101394.382812
9	870	122	312.625000	30.625000	23.929792	0.000000	98058.687500
1001	10	4	8	0
0	854	32	308.625000	8.125000	8.482733	0.000000	101330.453125
1	195	52	143.875000	13.125000	4.775623	0.000000	100860.960938
2	633	58	253.375000	14.625000	7.192788	0.000000	100697.359375
3	110	105	122.625000	26.375000	10.376940	0.000000	96645.445312
4	647	115	256.875000	28.875000	1.996079	0.000000	101675.609375
5	653	118	258.375000	29.625000	4.842388	0.000000	101625.281250
6	661	122	260.375000	30.625000	5.720451	0.000000	101661.242188
7	878	125	314.625000	31.375000	10.727398	0.000000	97864.476562
1001	10	4	5	6
0	196	55	144.125000	13.875000	4.391399	0.000000	100601.015625
1	629	59	252.375000	14.875000	6.891985	0.000000	100958.648438
2	587	70	241.875000	17.625000	7.650841	0.000000	99552.085938
3	110	106	122.625000	26.625000	4.197532	0.000000	97222.664062
4	885	128	316.375000	32.125000	16.540392	0.000000	98032.460938
1001	10	4	6	12
0	193	57	143.375000	14.375000	5.093355	0.000000	100879.648438
1	583	70	240.875000	17.625000	5.175123	0.000000	99107.312500
2	100	90	120.125000	22.625000	13.224763	0.000000	100318.882812
3	99	94	119.875000	23.625000	11.370788	0.000000	100324.054688
4	113	107	123.375000	26.875000	5.856166	0.000000	97855.562500
5	890	130	317.625000	32.625000	5.878401	0.000000	98144.015625
1001	10	4	10	18
0	233	24	153.375000	6.125000	4.339099	0.000000	100980.257812
1	250	25	157.625000	6.375000	7.301942	0.000000	100918.343750
2	623	62	250.875000	15.625000	5.203562	0.000000	101028.484375
3	578	71	239.625000	17.875000	12.638328	0.000000	99135.429688
4	100	95	120.125000	23.875000	10.333480	0.000000	100469.359375
5	638	97	254.625000	24.375000	0.981066	0.000000	101999.835938
6	638	106	254.625000	26.625000	1.884378	0.000000	102042.390625
7	115	109	123.875000	27.375000	4.202379	0.000000	98233.453125
8	635	109	253.875000	27.375000	0.690919	0.000000	102041.804688
9	895	132	318.875000	33.125000	9.626509	0.000000	98093.679688
1001	10	5	5	0
0	708	48	272.125000	12.125000	8.140777	0.000000	101170.835938
1	620	63	250.125000	15.875000	0.669601	0.000000	100748.609375
2	573	71	238.375000	17.875000	2.852188	0.000000	98746.515625
3	119	112	124.875000	28.125000	5.691031	0.000000	98616.187500
4	898	134	319.625000	33.625000	4.968204	0.000000	98396.539062
1001	10	5	14	6
0	787	15	291.875000	3.875000	5.221765	0.000000	101151.210938
1	786	21	291.625000	5.375000	4.920365	0.000000	101049.554688
2	777	22	289.375000	5.625000	2.774566	0.000000	101179.992188
3	368	25	187.125000	6.375000	9.640326	0.000000	100901.507812
4	786	26	291.625000	6.625000	14.301134	0.000000	101085.312500
5	355	28	183.875000	7.125000	6.428379	0.000000	100905.078125
6	369	29	187.375000	7.375000	10.396349	0.000000	100898.210938
7	364	31	186.125000	7.875000	10.220421	0.000000	100847.351562
8	233	34	153.375000	8.625000	8.417105	0.000000	100952.507812
9	614	55	248.625000	13.875000	1.798566	0.000000	101372.789062
10	618	65	249.625000	16.375000	5.108988	0.000000	101008.875000
11	568	71	237.125000	17.875000	7.054434	0.000000	98888.078125
12	123	115	125.875000	28.875000	6.186784	0.000000	98619.242188
13	901	136	320.375000	34.125000	5.532493	0.000000	98351.554688
1001	10	5	16	12
0	782	15	290.625000	3.875000	6.941374	0.000000	101194.046875
1	785	17	291.375000	4.375000	7.841595	0.000000	101199.304688
2	783	21	290.875000	5.375000	11.436297	0.000000	101085.617188
3	775	24	288.875000	6.125000	4.499869	0.000000	101152.062500
4	360	25	185.125000	6.375000	7.539888	0.000000	101006.726562
5	784	26	291.125000	6.625000	9.667522	0.000000	101153.539062
6	361	27	185.375000	6.875000	9.693929	0.000000	101003.851562
7	246	29	156.625000	7.375000	7.462704	0.000000	101216.789062
8	362	29	185.625000	7.375000	10.716273	0.000000	101001.750000
9	349	31	182.375000	7.875000	7.174733	0.000000	101032.421875
10	357	32	184.375000	8.125000	12.270743	0.000000	100963.640625
11	443	39	205.875000	9.875000	8.613856	0.000000	100582.015625
12	183	65	140.875000	16.375000	6.250962	0.000000	100994.515625
13	563	71	235.875000	17.875000	8.484268	0.000000	98955.125000
14	129	118	127.375000	29.625000	6.655557	0.000000	98750.648438
15	903	138	320.875000	34.625000	1.838188	0.000000	98513.757812
1001	10	5	17	18
0	352	23	183.125000	5.875000	7.480776	0.000000	100848.210938
1	352	25	183.125000	6.375000	5.583787	0.000000	100853.875000
2	315	27	173.875000	6.875000	4.426065	0.000000	100891.312500
3	346	28	181.625000	7.125000	5.661539	0.000000	100933.039062
4	355	31	183.875000	7.875000	11.599039	0.000000	100915.101562
5	345	33	181.375000	8.375000	7.064727	0.000000	100949.476562
6	351	34	182.875000	8.625000	11.228098	0.000000	100895.492188
7	343	35	180.875000	8.875000	7.721201	0.000000	100949.179688
8	243	38	155.875000	9.625000	3.038015	0.000000	101169.945312
9	436	39	204.125000	9.875000	12.769812	0.000000	100491.835938
10	244	40	156.125000	10.125000	4.203567	0.000000	101171.171875
11	449	41	207.375000	10.375000	10.907761	0.000000	101206.546875
12	240	43	155.125000	10.875000	3.027952	0.000000	101168.304688
13	248	43	157.125000	10.875000	5.684030	0.000000	101172.007812
14	559	71	234.875000	17.875000	7.892853	0.000000	99294.835938
15	136	122	129.125000	30.625000	5.228390	0.000000	98870.296875
16	904	141	321.125000	35.375000	10.247827	0.000000	98501.109375
1001	10	6	19	0
0	342	23	180.625000	5.875000	10.659987	0.000000	101011.593750
1	313	27	173.375000	6.875000	5.472633	0.000000	101082.515625
2	321	27	175.375000	6.875000	5.896115	0.000000	101084.164062
3	346	28	181.625000	7.125000	7.730855	0.000000	100992.335938
4	44	35	106.125000	8.875000	10.026879	0.000000	100966.007812
5	46	37	106.625000	9.375000	9.522392	0.000000	100966.031250
6	343	38	180.875000	9.625000	8.956352	0.000000	101080.140625
7	346	38	181.625000	9.625000	10.121006	0.000000	101079.453125
8	52	39	108.125000	9.875000	0.992070	0.000000	100976.187500
9	54	41	108.625000	10.375000	5.349461	0.000000	100969.968750
10	42	43	105.625000	10.875000	6.998200	0.000000	100931.882812
11	57	43	109.375000	10.875000	7.055613	0.000000	100978.828125
12	611	57	247.875000	14.375000	5.344822	0.000000	101056.875000
13	610	66	247.625000	16.625000	2.420545	0.000000	100603.937500
14	556	71	234.125000	17.875000	5.788776	0.000000	99238.382812
15	147	127	131.875000	31.875000	13.254760	0.000000	99068.625000
16	159	136	134.875000	34.125000	19.253654	0.000000	100315.687500
17	905	146	321.375000	36.625000	8.208758	0.000000	98525.281250
18	192	161	143.125000	40.375000	9.880527	0.000000	99602.210938
1001	10	6	18	6
0	307	18	171.875000	4.625000	3.548852	0.000000	100920.000000
1	303	20	170.875000	5.125000	5.810893	0.000000	100917.632812
2	303	22	170.875000	5.625000	6.927102	0.000000	100919.484375
3	310	26	172.625000	6.625000	7.094463	0.000000	100863.671875
4	317	27	174.375000	6.875000	8.171764	0.000000	100871.703125
5	314	28	173.625000	7.125000	6.784276	0.000000	100912.203125
6	310	30	172.625000	7.625000	5.754750	0.000000	100904.593750
7	338	30	179.625000	7.625000	5.761359	0.000000	100872.382812
8	291	33	167.875000	8.375000	6.921041	0.000000	100966.414062
9	431	36	202.875000	9.125000	8.734427	0.000000	100990.890625
10	339	37	179.875000	9.375000	6.518880	0.000000	100942.304688
11	421	38	200.375000	9.625000	13.041435	0.000000	100490.929688
12	335	39	178.875000	9.875000	5.584148	0.000000	100957.867188
13	608	67	247.125000	16.875000	7.155745	0.000000	100806.632812
14	552	71	233.125000	17.875000	6.892769	0.000000	99662.492188
15	157	131	134.375000	32.875000	12.516852	0.000000	98828.570312
16	888	151	317.125000	37.875000	2.284319	0.000000	101081.218750
17	905	152	321.375000	38.125000	12.325846	0.000000	98385.875000
1001	10	6	21	12
0	779	14	289.875000	3.625000	4.899244	0.000000	100999.062500
1	324	21	176.125000	5.375000	7.591247	0.000000	101113.187500
2	777	21	289.375000	5.375000	6.417190	0.000000	100979.031250
3	782	22	290.625000	5.625000	1.888065	0.000000	100961.140625
4	735	24	278.875000	6.125000	3.571601	0.000000	100942.109375
5	788	26	292.125000	6.625000	9.709960	0.000000	101078.554688
6	763	27	285.875000	6.875000	4.244351	0.000000	101034.742188
7	734	29	278.625000	7.375000	4.839111	0.000000	100893.523438
8	765	30	286.375000	7.625000	5.719228	0.000000	101025.828125
9	422	35	200.625000	8.875000	9.143322	0.000000	100945.476562
10	761	36	285.375000	9.125000	5.793364	0.000000	100929.578125
11	415	37	198.875000	9.375000	4.760962	0.000000	100447.156250
12	284	38	166.125000	9.625000	5.891345	0.000000	101149.546875
13	107	67	121.875000	16.875000	4.583614	0.000000	101120.664062
14	96	68	119.125000	17.125000	5.401685	0.000000	100864.554688
15	549	71	232.375000	17.875000	2.314147	0.000000	99628.156250
16	106	74	121.625000	18.625000	5.761201	0.000000	101114.531250
17	170	137	137.625000	34.375000	13.646178	0.000000	98736.640625
18	179	145	139.875000	36.375000	9.828939	0.000000	99802.203125
19	186	150	141.625000	37.625000	12.135506	0.000000	100067.007812
20	905	160	321.375000	40.125000	9.266788	0.000000	98309.492188
1001	10	6	17	18
0	64	20	111.125000	5.125000	10.676800	0.000000	101030.609375
1	317	32	174.375000	8.125000	4.621945	0.000000	100924.546875
2	309	33	172.375000	8.375000	8.533302	0.000000	100965.046875
3	315	33	173.875000	8.375000	4.435719	0.000000	100924.343750
4	292	34	168.125000	8.625000	1.900658	0.000000	100934.718750
5	409	38	197.375000	9.625000	17.983440	0.000000	100408.359375
6	294	40	168.625000	10.125000	2.078112	0.000000	100973.539062
7	91	57	117.875000	14.375000	3.807191	0.000000	100850.648438
8	99	58	119.875000	14.625000	4.735313	0.000000	100832.617188
9	97	60	119.375000	15.125000	5.907430	0.000000	100827.312500
10	89	61	117.375000	15.375000	3.968467	0.000000	100856.164062
11	99	65	119.875000	16.375000	5.699895	0.000000	100875.820312
12	97	68	119.375000	17.125000	3.762553	0.000000	100887.679688
13	546	72	231.625000	18.125000	5.926520	0.000000	99960.039062
14	187	144	141.875000	36.125000	20.047913	0.000000	98420.984375
15	192	159	143.125000	39.875000	9.481936	0.000000	100064.078125
16	906	169	321.625000	42.375000	14.433322	0.000000	98570.515625
1001	10	7	8	0
0	279	30	164.875000	7.625000	10.397074	0.000000	101162.093750
1	408	33	197.125000	8.375000	5.117288	0.000000	100867.210938
2	402	38	195.625000	9.625000	9.690710	0.000000	100547.960938
3	605	65	246.375000	16.375000	5.722636	0.000000	100447.421875
4	544	72	231.125000	18.125000	0.340266	0.000000	99832.007812
5	204	147	146.125000	36.875000	21.889534	0.000000	98455.234375
6	217	158	149.375000	39.625000	9.770799	0.000000	99367.171875
7	907	177	321.875000	44.375000	11.577754	0.000000	99179.617188
1001	10	7	14	6
0	795	19	293.875000	4.875000	4.645002	0.000000	101203.953125
1	786	31	291.625000	7.875000	6.929617	0.000000	100863.484375
2	796	31	294.125000	7.875000	5.271473	0.000000	100882.046875
3	333	33	178.375000	8.375000	6.642526	0.000000	100892.890625
4	790	33	292.625000	8.375000	6.002766	0.000000	100875.375000
5	603	65	245.875000	16.375000	3.854100	0.000000	100580.617188
6	541	72	230.375000	18.125000	3.846261	0.000000	100194.695312
7	861	111	310.375000	27.875000	7.361558	0.000000	101550.335938
8	870	126	312.625000	31.625000	8.556861	0.000000	101473.148438
9	228	155	152.125000	38.875000	36.299911	0.000000	98664.453125
10	231	158	152.875000	39.625000	35.225739	0.000000	98751.656250
11	234	160	153.625000	40.125000	36.813332	0.000000	98787.140625
12	248	170	157.125000	42.625000	28.608812	0.000000	98931.171875
13	908	185	322.125000	46.375000	3.111059	0.000000	99619.828125
1001	10	7	22	12
0	759	14	284.875000	3.625000	2.445865	0.000000	101113.539062
1	784	19	291.125000	4.875000	7.644280	0.000000	100954.562500
2	234	21	153.625000	5.375000	6.335963	0.000000	101181.507812
3	789	25	292.375000	6.375000	3.941242	0.000000	101104.195312
4	802	25	295.625000	6.375000	9.235993	0.000000	101228.882812
5	123	26	125.875000	6.625000	2.035605	0.000000	101058.421875
6	785	29	291.375000	7.375000	7.371088	0.000000	101063.257812
7	783	33	290.875000	8.375000	7.288672	0.000000	101060.289062
8	786	34	291.625000	8.625000	6.953080	0.000000	101057.906250
9	115	35	123.875000	8.875000	4.913414	0.000000	101042.273438
10	1023	48	350.875000	12.125000	3.234859	0.000000	101386.914062
11	603	65	245.875000	16.375000	1.345316	0.000000	100445.398438
12	538	73	229.625000	18.375000	5.699714	0.000000	100178.187500
13	859	106	309.875000	26.625000	7.146711	0.000000	101800.109375
14	864	113	311.125000	28.375000	7.582723	0.000000	101801.406250
15	870	117	312.625000	29.375000	5.107547	0.000000	101837.078125
16	867	119	311.875000	29.875000	7.728539	0.000000	101848.960938
17	874	127	313.625000	31.875000	10.422250	0.000000	101792.226562
18	877	138	314.375000	34.625000	11.142404	0.000000	101730.015625
19	417	152	199.375000	38.125000	22.786812	0.000000	100610.335938
20	421	160	200.375000	40.125000	21.520346	0.000000	100721.234375
21	912	191	323.125000	47.875000	4.927514	0.000000	100134.664062
1001	10	7	7	18
0	602	66	245.625000	16.625000	1.253402	0.000000	100688.320312
1	48	69	107.125000	17.375000	7.123302	0.000000	100973.734375
2	875	125	313.875000	31.375000	8.744180	0.000000	101865.734375
3	877	133	314.375000	33.375000	12.832933	0.000000	101903.960938
4	878	135	314.625000	33.875000	13.656898	0.000000	101905.664062
5	266	195	161.625000	48.875000	10.170178	0.000000	96871.312500
6	919	195	324.875000	48.875000	6.993117	0.000000	100491.757812
1001	10	8	18	0
0	421	23	200.375000	5.875000	9.657449	0.000000	100784.687500
1	112	24	123.125000	6.125000	0.846686	0.000000	101051.187500
2	111	26	122.875000	6.625000	1.237473	0.000000	101049.507812
3	418	26	199.625000	6.625000	8.702553	0.000000	100766.968750
4	421	26	200.375000	6.625000	8.821407	0.000000	100780.632812
5	377	27	189.375000	6.875000	2.988726	0.000000	100828.921875
6	345	28	181.375000	7.125000	8.807353	0.000000	100906.875000
7	382	28	190.625000	7.125000	4.226211	0.000000	100825.640625
8	343	29	180.875000	7.375000	9.359559	0.000000	100907.460938
9	417	30	199.375000	7.625000	6.402178	0.000000	100772.210938
10	411	31	197.875000	7.875000	6.626452	0.000000	100785.906250
11	382	32	190.625000	8.125000	4.715839	0.000000	100821.609375
12	116	36	124.125000	9.125000	5.974700	0.000000	101050.601562
13	380	38	190.125000	9.625000	3.843569	0.000000	100572.976562
14	41	66	105.375000	16.625000	9.140548	0.000000	101060.179688
15	600	67	245.125000	16.875000	0.946316	0.000000	100429.265625
16	32	108	103.125000	27.125000	3.179712	0.000000	101429.484375
17	930	196	327.625000	49.125000	8.727095	0.000000	100951.500000
1001	10	8	22	6
0	416	24	199.125000	6.125000	9.606289	0.000000	100850.617188
1	274	25	163.625000	6.375000	8.452919	0.000000	100749.601562
2	277	25	164.375000	6.375000	6.444142	0.000000	100748.585938
3	405	26	196.375000	6.625000	7.886784	0.000000	100866.453125
4	763	27	285.875000	6.875000	5.217149	0.000000	100987.906250
5	416	28	199.125000	7.125000	7.386543	0.000000	100840.953125
6	764	30	286.125000	7.625000	5.142220	0.000000	100981.820312
7	461	32	210.375000	8.125000	7.570165	0.000000	100942.835938
8	465	32	211.375000	8.125000	6.196352	0.000000	100981.117188
9	759	32	284.875000	8.125000	4.709611	0.000000	100942.593750
10	371	33	187.875000	8.375000	3.993878	0.000000	100783.375000
11	376	33	189.125000	8.375000	1.875206	0.000000	100756.687500
12	386	36	191.625000	9.125000	7.090906	0.000000	100835.640625
13	381	38	190.375000	9.625000	10.736955	0.000000	100809.796875
14	386	38	191.625000	9.625000	7.162119	0.000000	100837.312500
15	272	39	163.125000	9.875000	7.195728	0.000000	100771.109375
16	277	40	164.375000	10.125000	11.539575	0.000000	100767.960938
17	375	40	188.875000	10.125000	7.997751	0.000000	100507.062500
18	384	40	191.125000	10.125000	8.299825	0.000000	100840.875000
19	53	67	108.375000	16.875000	7.469494	0.000000	100946.945312
20	707	179	271.875000	44.875000	22.284422	0.000000	101166.687500
21	940	195	330.125000	48.875000	7.300495	0.000000	101256.367188
1001	10	8	20	12
0	763	27	285.875000	6.875000	1.321947	0.000000	101041.921875
1	483	31	215.875000	7.875000	5.203214	0.000000	100825.851562
2	765	31	286.375000	7.875000	5.181706	0.000000	101103.101562
3	488	33	217.125000	8.375000	4.984280	0.000000	100868.789062
4	490	33	217.625000	8.375000	4.846161	0.000000	100869.187500
5	479	34	214.875000	8.625000	4.645817	0.000000	100892.515625
6	372	35	188.125000	8.875000	3.588481	0.000000	100893.476562
7	760	36	285.125000	9.125000	8.257199	0.000000	100996.187500
8	915	36	323.875000	9.125000	3.377885	0.000000	101504.093750
9	922	38	325.625000	9.625000	8.628946	0.000000	101520.492188
10	918	40	324.625000	10.125000	9.784984	0.000000	101448.476562
11	371	41	187.875000	10.375000	3.949188	0.000000	100481.093750
12	915	41	323.875000	10.375000	3.944201	0.000000	101508.992188
13	596	67	244.125000	16.875000	1.047752	0.000000	100598.070312
14	661	72	260.375000	18.125000	4.170352	0.000000	101467.562500
15	38	98	104.625000	24.625000	6.629827	0.000000	100963.367188
16	26	105	101.625000	26.375000	3.385549	0.000000	100726.179688
17	28	109	102.125000	27.375000	4.191557	0.000000	100728.234375
18	33	110	103.375000	27.625000	3.252181	0.000000	100709.132812
19	949	192	332.375000	48.125000	4.917616	0.000000	101700.632812
1001	10	8	13	18
0	128	28	127.125000	7.125000	2.654996	0.000000	100907.351562
1	367	37	186.875000	9.375000	6.249401	0.000000	100892.687500
2	370	41	187.625000	10.375000	9.232694	0.000000	100930.109375
3	366	43	186.625000	10.875000	9.372396	0.000000	100373.296875
4	27	97	101.875000	24.375000	3.387148	0.000000	101254.093750
5	38	98	104.625000	24.625000	4.858080	0.000000	101350.070312
6	32	100	103.125000	25.125000	4.361838	0.000000	101355.351562
7	43	101	105.875000	25.375000	13.148486	0.000000	101294.671875
8	27	105	101.875000	26.375000	3.211808	0.000000	101028.281250
9	28	108	102.125000	27.125000	3.257461	0.000000	101007.476562
10	563	146	235.875000	36.625000	3.997201	0.000000	101217.695312
11	572	151	238.125000	37.875000	3.108465	0.000000	101285.789062
12	294	201	168.625000	50.375000	4.256738	0.000000	96707.453125
1001	10	9	13	0
0	21	24	100.375000	6.125000	10.044431	0.000000	100830.687500
1	17	30	99.375000	7.625000	0.489497	0.000000	100897.429688
2	361	38	185.375000	9.625000	6.638966	0.000000	100924.820312
3	363	41	185.875000	10.375000	9.986364	0.000000	100936.820312
4	360	46	185.125000	11.625000	13.165845	0.000000	100633.039062
5	53	77	108.375000	19.375000	1.874751	0.000000	100895.234375
6	27	96	101.875000	24.125000	2.385420	0.000000	101452.882812
7	37	98	104.375000	24.625000	2.848347	0.000000	101519.359375
8	33	100	103.375000	25.125000	3.659887	0.000000	101522.195312
9	27	104	101.875000	26.125000	3.132310	0.000000	101315.625000
10	34	106	103.625000	26.625000	0.971642	0.000000	101517.710938
11	558	144	234.625000	36.125000	3.715408	0.000000	101281.125000
12	300	202	170.125000	50.625000	2.309551	0.000000	97277.796875
1001	10	9	8	6
0	89	23	117.375000	5.875000	7.690800	0.000000	101041.890625
1	93	28	118.375000	7.125000	5.596455	0.000000	100989.960938
2	93	33	118.375000	8.375000	3.017982	0.000000	100904.593750
3	646	83	256.625000	20.875000	2.230379	0.000000	101810.148438
4	26	98	101.625000	24.625000	3.713525	0.000000	101169.304688
5	205	129	146.375000	32.375000	10.275678	0.000000	100934.500000
6	209	131	147.375000	32.875000	13.982256	0.000000	100917.132812
7	304	200	171.125000	50.125000	4.903161	0.000000	97822.015625
1001	10	9	12	12
0	784	13	291.125000	3.375000	2.287255	0.000000	101121.976562
1	789	14	292.375000	3.625000	3.101993	0.000000	101152.359375
2	782	16	290.625000	4.125000	5.688639	0.000000	101077.101562
3	776	18	289.125000	4.625000	5.437386	0.000000	101173.085938
4	254	20	158.625000	5.125000	6.020452	0.000000	100987.445312
5	786	21	291.625000	5.375000	5.436233	0.000000	101111.250000
6	789	26	292.375000	6.625000	11.681334	0.000000	101127.601562
7	764	28	286.125000	7.125000	5.043221	0.000000	101109.187500
8	761	36	285.375000	9.125000	10.458672	0.000000	101026.929688
9	689	134	267.375000	33.625000	11.229786	0.000000	101643.750000
10	694	139	268.625000	34.875000	12.127234	0.000000	101637.218750
11	694	141	268.625000	35.375000	14.249892	0.000000	101631.101562
1001	10	9	8	18
0	950	19	332.625000	4.875000	3.428167	0.000000	101161.421875
1	950	22	332.625000	5.625000	2.999802	0.000000	101156.195312
2	958	23	334.625000	5.875000	3.275790	0.000000	101105.117188
3	950	28	332.625000	7.125000	3.452702	0.000000	101109.796875
4	954	30	333.625000	7.625000	2.379066	0.000000	101102.109375
5	710	63	272.625000	15.875000	8.993379	0.000000	101359.585938
6	716	63	274.125000	15.875000	10.560329	0.000000	101357.367188
7	449	211	207.375000	52.875000	4.457065	0.000000	98845.007812
