1996	2	29	21	0
0	368	96	184.000000	-42.000000	16.458195	2.708487	100689.000000
1	596	134	298.000000	-23.000000	12.774290	2.366606	100159.500000
2	584	141	292.000000	-19.500000	11.760926	4.665057	100856.500000
3	85	190	42.500000	5.000000	17.564554	5.686123	100930.898438
4	582	193	291.000000	6.500000	14.352884	2.048099	100420.203125
5	570	199	285.000000	9.500000	14.132643	5.836656	100549.000000
6	94	204	47.000000	12.000000	11.626612	5.130042	100994.101562
7	71	206	35.500000	13.000000	17.806530	0.697757	100494.203125
8	83	211	41.500000	15.500000	16.494741	5.992669	100917.398438
9	172	232	86.000000	26.000000	15.131688	3.070122	101256.601562
10	168	233	84.000000	26.500000	15.131688	1.339348	101301.000000
11	204	242	102.000000	31.000000	10.634472	5.793506	101805.398438
12	504	246	252.000000	33.000000	12.162815	5.869610	101195.703125
13	26	251	13.000000	35.500000	25.202015	4.488505	100654.398438
14	113	252	56.500000	36.000000	11.895213	5.513775	101633.804688
15	136	254	68.000000	37.000000	12.075400	5.987391	101722.601562
16	164	255	82.000000	37.500000	10.895526	3.347073	102619.601562
17	186	258	93.000000	39.000000	22.450008	2.148012	102498.898438
18	157	266	78.500000	43.000000	11.160976	1.000000	102485.101562
19	468	266	234.000000	43.000000	21.774527	4.078125	100402.804688
20	77	267	38.500000	43.500000	20.201197	4.710985	102119.398438
